371.45419120788574 Test loss (%)
21.276596188545227 Test accuracy (%)

              precision    recall  f1-score   support

           a       0.00      0.00      0.00        10
           b       0.14      0.83      0.23         6
           c       0.00      0.00      0.00         7
           d       0.00      0.00      0.00         6
           e       0.00      0.00      0.00         6
           f       0.50      0.17      0.25         6
           g       0.50      0.67      0.57         6

    accuracy                           0.21        47
   macro avg       0.16      0.24      0.15        47
weighted avg       0.14      0.21      0.13        47

[[ 0 10  0  0  0  0  0]
 [ 0  5  0  0  0  1  0]
 [ 0  4  0  0  0  0  3]
 [ 0  5  0  0  0  0  1]
 [ 0  6  0  0  0  0  0]
 [ 0  5  0  0  0  1  0]
 [ 0  2  0  0  0  0  4]]