324.21722412109375 Test loss (%)
14.893616735935211 Test accuracy (%)

              precision    recall  f1-score   support

           a       0.21      0.70      0.33        10
           b       0.00      0.00      0.00         6
           c       0.00      0.00      0.00         7
           d       0.00      0.00      0.00         6
           e       0.00      0.00      0.00         6
           f       0.00      0.00      0.00         6
           g       0.00      0.00      0.00         6

    accuracy                           0.15        47
   macro avg       0.03      0.10      0.05        47
weighted avg       0.05      0.15      0.07        47

[[7 0 0 0 3 0 0]
 [2 0 0 0 4 0 0]
 [7 0 0 0 0 0 0]
 [6 0 0 0 0 0 0]
 [4 2 0 0 0 0 0]
 [1 5 0 0 0 0 0]
 [6 0 0 0 0 0 0]]