12.345252186059952 Test loss (%)
95.7446813583374 Test accuracy (%)

              precision    recall  f1-score   support

           a       0.83      1.00      0.91        10
           b       1.00      1.00      1.00         6
           c       1.00      1.00      1.00         7
           d       1.00      1.00      1.00         6
           e       1.00      0.67      0.80         6
           f       1.00      1.00      1.00         6
           g       1.00      1.00      1.00         6

    accuracy                           0.96        47
   macro avg       0.98      0.95      0.96        47
weighted avg       0.96      0.96      0.96        47

[[10  0  0  0  0  0  0]
 [ 0  6  0  0  0  0  0]
 [ 0  0  7  0  0  0  0]
 [ 0  0  0  6  0  0  0]
 [ 2  0  0  0  4  0  0]
 [ 0  0  0  0  0  6  0]
 [ 0  0  0  0  0  0  6]]