17.514610290527344 Test loss (%)
93.6170220375061 Test accuracy (%)

              precision    recall  f1-score   support

           a       0.83      1.00      0.91        10
           b       1.00      1.00      1.00         6
           c       1.00      0.86      0.92         7
           d       1.00      1.00      1.00         6
           e       1.00      0.67      0.80         6
           f       1.00      1.00      1.00         6
           g       0.86      1.00      0.92         6

    accuracy                           0.94        47
   macro avg       0.96      0.93      0.94        47
weighted avg       0.95      0.94      0.93        47

[[10  0  0  0  0  0  0]
 [ 0  6  0  0  0  0  0]
 [ 0  0  6  0  0  0  1]
 [ 0  0  0  6  0  0  0]
 [ 2  0  0  0  4  0  0]
 [ 0  0  0  0  0  6  0]
 [ 0  0  0  0  0  0  6]]